error
91473
32956
67373
75566
113598
error
7875
error
18900
208950
150328
error
114590
124720
7875
145955
102668
80485
38239
62068
134732
178078
7875
error
error
45809
121862
error
131696
173852
56834
214216
192742
119647
46327
77237
error
error
error
error
204427
20875
10843
error
23759
12198
error
error
35735
40411
138992
134445
9006
error
0
9006
4284
61324
18900
22583
250892
28935
112839
31500
36260
46074
17160
194768
31052
error
89734
67152
50805
91114
44929
error
error
42337
37905
0
53520
error
52979
75727
40332
47145
46504
error
47369
31500
198557
53774
160150
34326
43040
0
37885
error
60066
174920
52417
error
49320
41901
44912
18900
28099
118719
187308
97996
error
0
164065
134039
26717
error
13640
69069
21059
187984
79759
189530
87598
205582
153544
42026
169455
60944
121428
31500
0
160027
90370
60074
11613
21880
224401
104174
81810
86639
0
125094
32659
30968
134721
221423
error
47660
error
119083
64310
181291
9975
105975
39300
error
error
0
error
140395
0
36259
error
33606
166710
31920
error
139484
7875
22243
error
209293
error
192406
30447
209010
162568
32127
58137
65094
error
error
9975
192552
67076
103849
error
160328
24932
41753
17956
25130
error
error
0
9975
23719
176379
22015
76737
0
error
error
18900
94121
18781
7875
28951
36058
95877
0
34683
69679
62916
272470
66045
181272
76499
198698
94634
58324
179925
error
35963
17294
15288
45696
129670
7875
0
0
error
133955
31500
20740
188000
0
93052
49637
7875
180391
70538
29132
error
32550
0
37047
223641
18900
33016
33799
93719
error
22282
7875
143958
177576
70169
0
44280
34697
7875
7875
error
9486
121278
56476
error
error
error
error
18900
20875
23525
100207
103178
163580
60851
31500
53640
error
error
error
167624
error
124150
179979
88166
116299
0
0
21059
230250
104907
37302
147090
66210
261700
111660
error
204173
136895
0
error
149491
12419
121559
7875
132739
error
91919
31500
error
48330
59431
166318
error
43500
error
55022
7875
48421
36310
7875
36260
18900
error
132637
18900
31500
error
66504
111475
0
error
error
66284
72812
174367
error
42669
48081
68670
88107
120310
error
36469
54812
38220
108716
41770
error
28739
7875
34545
177415
146081
error
40024
169062
135160
73529
error
31500
0
31455
59883
error
46327
30013
error
150078
226722
error
error
32905
41287
198961
58709
75898
error
130172
0
193787
73652
196371
0
29350
63367
117538
52988
61953
56437
error
14992
132709
0
99656
227981
error
227312
18900
146945
50500
28764
57363
error
18900
31500
error
19950
21453
7875
124997
160911
30279
31500
error
error
21115
43884
9975
129056
99372
57802
166498
31500
38542
error
145807
59078
7875
25130
39469
3454
67705
7875
27163
19950
error
13503
20812
18900
error
154647
69518
7875
38399
error
18900
28534
81493
error
127559
0
158737
136419
144307
12201
36780
306065
75041
107636
97645
15645
7875
error
36260
81742
47025
72552
error
error
error
7875
128511
7875
194215
9975
163415
error
23660
48404
25620
57287
13755
163617
16835
64444
160430
58643
error
147175
7875
161931
24110
error
146369
37707
error
error
13640
64242
20875
228450
43974
156237
9975
error
46270
33944
10837
55771
62892
80942
104714
51394
54702
51537
3510
58170
28064
error
225769
error
193850
174769
165218
64702
error
error
62086
error
35898
28935
20670
error
45459
error
57193
11440
42203
14692
26315
32550
7875
114463
26687
28102
24195
49770
70311
9975
126704
35520
86189
135873
94253
132633
error
22015
273304
30709
74336
error
3454
208982
160630
0
114109
error
217211
20875
40144
error
98916
57900
131787
56702
138648
25028
45809
51342
17459
119799
64274
47760
110665
46649
77357
19245
50954
48996
31500
32262
error
65217
error
21344
105894
48531
132837
98420
170742
190164
23719
56469
26640
75549
51737
12453
0
23719
7875
163295
16247
50948
54768
49904
62570
143031
28952
0
28935
35280
37173
40712
90004
7875
164326
89597
25055
36260
7875
75588
error
error
31500
96649
155181
214211
49567
24318
error
31500
212946
error
7875
72306
26852
58388
58030
191935
36757
35061
79219
15796
21349
error
error
40036
94684
error
37037
188828
error
142759
166114
47729
0
15262
0
81897
57213
12201
174762
42919
177284
40543
27587
203615
39950
204027
105483
error
82353
201472
143756
79992
8306
129713
55230
error
0
143438
63127
7875
122163
30279
159229
35360
226757
46018
12201
112061
143404
47479
error
28935
218930
130070
error
156095
33080
150139
183912
error
0
error
60277
error
9975
210469
22604
137247
error
12668
57473
error
20617
7875
90401
85591
173628
167775
error
31500
16259
41289
34545
31500
error
47313
37932
256216
error
0
56102
162119
61080
296558
72052
172000
139489
22638
67535
32734
23660
0
160469
180219
100220
36041
22355
error
9975
16247
30540
66212
37037
211260
64295
38167
91112
10215
150866
84646
22463
68007
33281
212230
0
51824
32613
226592
12201
error
171370
24432
160226
error
135766
24140
39126
142936
29397
error
85133
18900
error
20505
59262
127592
error
error
75293
22069
88330
error
20461
204361
10215
error
5920
0
0
74849
95424
123993
44664
151175
48422
error
20875
195810
139020
62141
20875
error
230874
48858
73439
88141
20027
54812
20027
31336
161819
52328
109322
184639
188686
error
39954
46330
46334
error
139087
50782
error
0
error
70810
0
error
18900
error
25187
165003
error
146631
174000
27364
56770
33412
error
192696
12198
141014
269452
31500
37227
error
error
68841
88077
82681
28259
161473
132621
190069
45633
118872
138363
151574
49462
error
193197
96020
31500
24143
error
9975
209903
error
9975
62545
0
194864
0
42458
0
error
18900
23359
15393
9975
93722
38172
60336
error
141429
30107
48304
25209
162983
86862
29219
13755
96013
266789
59395
219090
95637
55499
7875
6400
error
error
69726
error
error
143069
150514
error
121963
23060
24487
59936
110235
77264
129877
160558
21351
63500
138735
20355
125187
10837
20087
error
100342
error
10215
41038
134145
54035
40214
error
15824
183559
44486
60123
0
error
188940
74189
6884
error
81562
error
28403
214504
error
170951
134167
34239
33894
0
35280
error
72723
41357
35971
8306
87270
18900
136954
26852
33978
23660
0
71372
196968
117018
0
18900
7875
33412
