91 14 112 25 23 6
98 48 9 40 8 22
40 34 96 39 5 15
392 25 3 15 19 7
40 57 137 22 0 6
61 71 20 33 15 17
123 2 24 56 9 8
25 91 117 14 14 10
109 17 114 48 0 8
95 75 6 67 13 12
27 77 7 136 9 0
135 28 81 24 4 18
54 125 103 19 9 10
325 9 60 26 0 14
113 16 82 33 13 2
154 155 24 19 13 10
476 76 17 14 6 2
668 7 40 6 7 1
88 202 8 34 1 3
141 1 39 69 17 4
1 37 26 52 26 11
63 46 8 101 3 0
19 65 27 2 2 14
372 39 4 42 16 1
57 9 133 42 5 4
60 82 32 34 31 2
28 34 194 22 10 1
115 188 17 13 25 1
56 53 41 25 21 4
210 6 46 7 29 0
57 32 43 41 26 6
84 94 92 11 3 13
20 42 18 10 21 10
3 27 49 16 18 12
13 83 4 68 16 13
111 4 126 52 5 2
352 29 45 71 5 1
341 12 19 11 17 17
32 5 84 107 7 1
216 26 22 39 7 0
53 4 149 41 3 6
129 14 30 81 20 7
163 7 80 7 6 1
57 44 54 9 16 23
50 144 0 69 0 9
80 16 45 41 19 8
112 16 3 1 16 30
27 74 23 5 57 0
77 13 66 52 26 3
12 190 73 28 19 2
249 78 5 13 9 13
90 93 18 32 16 7
199 0 43 15 43 7
135 120 31 2 8 10
234 3 34 51 4 10
235 113 70 13 12 5
58 89 26 10 2 11
28 155 36 37 9 6
109 56 99 10 10 9
194 91 27 7 36 1
65 98 19 4 31 16
168 302 7 8 6 5
246 61 17 92 5 3
219 86 12 0 9 0
127 38 21 48 22 0
2 8 80 95 19 3
181 64 93 48 9 1
264 47 32 2 3 19
464 13 10 2 26 0
199 113 11 49 4 0
182 66 85 10 22 5
70 190 34 11 33 1
169 10 71 6 0 20
282 7 8 0 52 2
3 101 115 51 0 6
61 27 77 35 1 11
70 76 0 46 31 9
98 149 9 69 14 3
96 19 72 22 22 15
21 31 47 11 18 18
196 68 76 73 3 0
10 171 5 10 9 8
1 139 49 39 18 1
134 226 10 1 0 5
8 268 87 13 2 4
69 83 17 69 6 0
86 175 23 51 23 0
131 1 54 6 52 4
135 25 58 5 27 17
14 7 68 2 11 29
94 14 99 19 11 8
202 91 17 17 9 9
54 1 37 93 5 0
132 156 53 4 6 3
6 88 10 3 16 5
3 46 33 10 73 1
187 93 48 18 10 7
9 79 68 15 27 0
84 18 52 3 17 3
199 4 117 5 16 5
